     0/299     3.18G   0.07005 0.0005972         0   0.07065        11       128 0.0001203   0.05654  7.79e-06 1.464e-06     0.127 0.0004989         0
     0/299     7.73G   0.05037  0.003827         0    0.0542         2       640         0         0         0         0   0.04348  0.005025         0
     0/299     7.42G   0.04574  0.003812         0   0.04955         7       640         0         0         0         0   0.03983  0.004883         0
     1/299     7.41G   0.04586  0.002345         0   0.04821        11       640         0         0         0         0   0.05155  0.002643         0
     2/299     7.41G   0.04295  0.002321         0   0.04527         7       640         0         0         0         0   0.03859  0.005085         0
     3/299     7.42G   0.03964  0.002353         0   0.04199         2       640         0         0         0         0   0.03624  0.005486         0
     4/299     7.42G   0.03792  0.002448         0   0.04037        16       640         0         0         0         0   0.03749   0.00523         0
     5/299     7.42G   0.03752  0.002392         0   0.03992         5       640         0         0         0         0   0.03627  0.005434         0
     6/299     7.42G   0.03513  0.002375         0    0.0375         3       640   0.01301  0.003117 0.0002213 0.0001159   0.03546  0.005671         0
     7/299     7.42G   0.03078   0.00243         0   0.03321         2       640   0.02705   0.02538  0.002239 0.0007327   0.03825  0.005261         0
     8/299     7.42G   0.03073  0.002459         0   0.03319         2       640   0.01251   0.05254    0.0017 0.0005128   0.03523  0.005625         0
     9/299     7.42G   0.02803  0.002527         0   0.03055         2       640   0.03212   0.05031   0.01007  0.004625   0.03462  0.005667         0
    10/299     7.42G   0.02682  0.002505         0   0.02932         0       640   0.01735   0.07257  0.005756  0.001997   0.03413  0.005852         0
    11/299     7.42G   0.02585  0.002454         0   0.02831        20       640   0.03937     0.065   0.01083   0.00429   0.03399  0.005862         0
    12/299     7.42G   0.02553  0.002515         0   0.02805         0       640   0.03623   0.08014  0.008729  0.003322    0.0346  0.005647         0
    13/299     7.42G   0.03141  0.002334         0   0.03374        12       640  0.007519 0.0004452 4.839e-05 4.839e-06   0.03646  0.005637         0
    14/299     7.42G   0.03607  0.002205         0   0.03827         4       640         0         0         0         0   0.03719  0.005367         0
    15/299     7.42G   0.03674   0.00225         0   0.03899         1       640         0         0         0         0   0.03737  0.005363         0
    16/299     7.42G   0.03507  0.002316         0   0.03739        14       640    0.0303 0.0004452 0.0002058 6.174e-05   0.03762  0.005344         0
    17/299     7.42G   0.03417  0.002355         0   0.03653         0       640  0.008929 0.0008905 0.0001449 0.0001052   0.03651  0.005462         0
    18/299     7.42G   0.03308  0.002378         0   0.03545         2       640   0.06667 0.0004452 0.0004463 0.0002232   0.03579  0.005654         0
    19/299     7.42G   0.03152  0.002372         0   0.03389         1       640    0.0123   0.02137 0.0005834 0.0002584   0.03548  0.005651         0
    20/299     7.42G   0.03075  0.002329         0   0.03308        13       640  0.006646   0.06011  0.001075  0.000393   0.03581  0.005659         0
    21/299     7.42G   0.02997  0.002406         0   0.03238         1       640  0.006135    0.0699  0.001283 0.0005328   0.03667  0.005631         0
    22/299     7.42G    0.0289  0.002428         0   0.03133         3       640   0.01273    0.0325  0.001264 0.0004657   0.03486  0.005867         0
    23/299     7.42G   0.02789  0.002449         0   0.03034         2       640   0.01371   0.04586  0.001917 0.0007007   0.03497  0.005815         0
    24/299     7.42G   0.02771  0.002461         0   0.03017         0       640   0.01575   0.06144  0.002864  0.001146   0.03559  0.005675         0
    25/299     7.42G   0.02659  0.002464         0   0.02905         5       640   0.02427   0.03428   0.00305  0.001406   0.03499  0.005818         0
    26/299     7.42G   0.02541  0.002498         0   0.02791         8       640   0.02895   0.04096  0.005202  0.002298   0.03569  0.005786         0
    27/299     7.42G   0.02493  0.002475         0   0.02741         3       640   0.03738    0.0285  0.003958  0.001634   0.03478  0.005893         0
    28/299     7.42G   0.02514  0.002492         0   0.02763         2       640   0.04363   0.04363  0.005795  0.002391   0.03429  0.005873         0
    29/299     7.42G   0.02475  0.002519         0   0.02727         3       640   0.04767   0.05744  0.008657  0.003734   0.03405  0.005839         0
    30/299     7.42G   0.02495  0.002512         0   0.02746         0       640   0.05216   0.06411   0.01175  0.005203   0.03364  0.005899         0
    31/299     7.42G   0.02459  0.002521         0   0.02711         0       640   0.06846   0.04764  0.009454  0.004367   0.03373  0.005902         0
    32/299     7.42G   0.02454  0.002479         0   0.02702         7       640   0.06168   0.06456   0.01373  0.006269   0.03354  0.005888         0
    33/299     7.42G     0.024  0.002521         0   0.02652         2       640   0.08206   0.05076   0.01533   0.00706   0.03351  0.005926         0
    34/299     7.42G   0.02342  0.002543         0   0.02596         2       640   0.09923   0.05076   0.01554  0.006924   0.03328  0.005961         0
    35/299     7.42G   0.02851  0.002421         0   0.03093         9       640  0.009768  0.003562 8.798e-05 3.254e-05   0.03559  0.005818         0
    36/299     7.42G   0.02561   0.00246         0   0.02807         5       640   0.03967   0.01959  0.002272 0.0009849   0.03456   0.00593         0
    37/299     7.42G   0.02377  0.002553         0   0.02632        11       640   0.06657   0.04185  0.009329  0.004207   0.03385   0.00603         0
    38/299     7.42G   0.02424  0.002513         0   0.02676         4       640   0.05677   0.04274  0.009043  0.004118   0.03358  0.006086         0
    39/299     7.42G   0.02681  0.002486         0    0.0293         2       640   0.03063    0.0236   0.00262   0.00101   0.03437  0.006168         0
    40/299     7.42G   0.02542  0.002586         0   0.02801         1       640    0.0261    0.0325  0.003287  0.001296   0.03399  0.006162         0
    41/299     7.42G   0.02384  0.002588         0   0.02643        13       640    0.0432   0.03695  0.005374  0.002207   0.03373  0.006084         0
    42/299     7.42G   0.02328  0.002559         0   0.02584         1       640   0.05989   0.04452  0.008063  0.003485   0.03348  0.006046         0
    43/299     7.42G   0.02269  0.002524         0   0.02522         7       640   0.05932   0.05744    0.0106  0.004625   0.03332  0.006015         0
    44/299     7.42G   0.02246  0.002535         0   0.02499         2       640    0.0563    0.0748   0.01445  0.006241   0.03317  0.006002         0
    45/299     7.42G   0.02262  0.002605         0   0.02523         1       640    0.0862   0.05565   0.01594  0.006939   0.03303  0.005994         0
    46/299     7.42G     0.022  0.002645         0   0.02464         4       640    0.0979   0.05692   0.01771  0.007593   0.03285  0.006009         0
    47/299     7.42G   0.02229   0.00255         0   0.02484         5       640   0.07312   0.07792   0.01922  0.008436    0.0327  0.006022         0
    48/299     7.42G   0.02187  0.002611         0   0.02448         3       640   0.08366   0.06901   0.01938   0.00884   0.03255  0.006042         0
    49/299     7.42G   0.02138  0.002633         0   0.02401         4       640   0.08296   0.07257   0.02025  0.009472   0.03243  0.006065         0
    50/299     7.42G   0.02118  0.002581         0   0.02376        11       640    0.0844   0.07696   0.02083  0.009743   0.03234  0.006088         0
    51/299     7.42G    0.0208  0.002578         0   0.02338        20       640   0.08431   0.07703   0.02151   0.01022   0.03235  0.006095         0
    52/299     7.42G   0.02095  0.002576         0   0.02352         3       640    0.1088   0.06679   0.02202   0.01039   0.03242  0.006063         0
    53/299     7.42G   0.02056  0.002662         0   0.02322        16       640    0.1031   0.07213   0.02313   0.01092   0.03245  0.006044         0
    54/299     7.42G    0.0206  0.002601         0    0.0232         4       640    0.1164   0.06723   0.02411   0.01145   0.03244  0.006044         0
     0/299     7.42G   0.04678  0.003801         0   0.05059         7       640         0         0         0         0   0.03982  0.004744         0
     1/299     7.41G   0.04331  0.002264         0   0.04557        11       640         0         0         0         0   0.04224  0.004706         0
     2/299     7.41G   0.03925  0.002282         0   0.04153         7       640         0         0         0         0   0.04042   0.00505         0
     3/299     7.41G   0.03662  0.002311         0   0.03893         2       640         0         0         0         0    0.0396   0.00542         0
     4/299     7.41G   0.03425   0.00256         0   0.03681        16       640         0         0         0         0   0.03763  0.005611         0
     5/299     7.41G   0.03037  0.002516         0   0.03289         5       640         0         0         0         0   0.03743   0.00579         0
     6/299     7.41G   0.02839  0.002421         0   0.03081         3       640   0.03586  0.004007 0.0003344 0.0001459   0.03739  0.005716         0
     7/299     7.41G    0.0273  0.002473         0   0.02977         2       640   0.06556    0.0423  0.008599  0.003136   0.03733  0.005643         0
     8/299     7.41G   0.02692  0.002502         0   0.02942         2       640   0.04911   0.02093   0.00416  0.001654   0.03719  0.005742         0
     9/299     7.41G   0.02645  0.002524         0   0.02897         2       640   0.02404   0.05387   0.01018  0.003779   0.03699   0.00573         0
    10/299     7.41G   0.02593  0.002497         0   0.02842         0       640   0.07284   0.03918   0.01179  0.005395   0.03656  0.005778         0
    11/299     7.41G   0.02544   0.00248         0   0.02792        20       640    0.0671   0.05521   0.01675  0.007323   0.03589  0.005743         0
    12/299     7.41G   0.02441  0.002522         0   0.02693         0       640   0.07551   0.05254   0.01742  0.008415   0.03495  0.005882         0
    13/299     7.41G   0.02303  0.002521         0   0.02555        12       640    0.1274   0.05788   0.02769   0.01251   0.03463   0.00585         0
    14/299     7.41G   0.02294  0.002479         0   0.02542         4       640    0.0994   0.08281   0.03013   0.01424   0.03419  0.005789         0
    15/299     7.41G   0.02894  0.002296         0   0.03123         1       640   0.02052   0.06367  0.004514  0.001556   0.03737  0.005657         0
    16/299     7.41G   0.02718  0.002365         0   0.02954        14       640   0.04896   0.05031  0.009164  0.003294   0.03731  0.005566         0
    17/299     7.41G   0.02615  0.002419         0   0.02857         0       640   0.05452   0.06812   0.01332  0.005218   0.03652  0.005691         0
    18/299     7.41G   0.02512  0.002462         0   0.02758         2       640   0.07355     0.061   0.01316  0.005511   0.03445  0.005815         0
    19/299     7.42G   0.02467  0.002453         0   0.02712         1       640   0.08648   0.06946   0.02347   0.01137    0.0355  0.005727         0
    20/299     7.42G   0.02554  0.002394         0   0.02793        13       640   0.01748   0.06679  0.008379  0.005716   0.03735  0.005622         0
    21/299     7.42G   0.02573   0.00244         0   0.02818         1       640   0.07819   0.04894   0.01757  0.008514   0.03536  0.005724         0
    22/299     7.42G   0.02457  0.002477         0   0.02704         3       640   0.06913   0.06679   0.01505  0.006367    0.0353  0.005742         0
    23/299     7.42G   0.02355   0.00251         0   0.02606         2       640   0.07756   0.07087    0.0208  0.009146   0.03483  0.005794         0
    24/299     7.42G   0.02347   0.00255         0   0.02602         0       640   0.08086   0.08148   0.01924  0.008269   0.03564  0.005665         0
    25/299     7.42G   0.02356  0.002541         0    0.0261         5       640   0.08981    0.0797   0.02065  0.008934   0.03447  0.005935         0
    26/299     7.42G   0.02315  0.002569         0   0.02572         8       640   0.08953   0.07035   0.02284   0.01032   0.03403  0.005947         0
    27/299     7.42G   0.02248  0.002501         0   0.02498         3       640   0.08666   0.09929   0.02492   0.01106   0.03415  0.005876         0
    28/299     7.42G   0.02163  0.002549         0   0.02417         2       640   0.09826    0.1011    0.0281   0.01281   0.03305  0.005973         0
    29/299     7.42G   0.02143  0.002571         0   0.02401         3       640   0.09522    0.1118   0.03091   0.01422   0.03142  0.006022         0
    30/299     7.42G   0.02174  0.002583         0   0.02432         0       640    0.1184   0.08905   0.03243   0.01457     0.032  0.005961         0
    31/299     7.42G   0.02158  0.002595         0   0.02417         0       640    0.1165    0.1002   0.03646   0.01682   0.03184  0.005977         0
    32/299     7.42G   0.02094  0.002571         0   0.02351         7       640    0.1271      0.11   0.03861   0.01783   0.03167  0.005958         0
    33/299     7.42G   0.02049  0.002575         0   0.02307         2       640    0.1236     0.122   0.04726   0.02242   0.03221  0.005886         0
    34/299     7.42G    0.0201  0.002597         0    0.0227         2       640    0.1192    0.1287   0.05041   0.02457   0.03219  0.005897         0
    35/299     7.42G   0.02054  0.002602         0   0.02314         9       640    0.1318     0.134   0.05636   0.02806   0.03195  0.005915         0
    36/299     7.42G   0.02004  0.002599         0   0.02264         5       640    0.1689    0.1233   0.06296   0.03238   0.03158   0.00596         0
    37/299     7.42G   0.01992  0.002676         0    0.0226        11       640    0.1565    0.1438   0.06906   0.03518   0.03111  0.006023         0
    38/299     7.42G   0.01949  0.002659         0   0.02215         4       640    0.1838    0.1389   0.07523   0.03814   0.03087  0.006051         0
    39/299     7.42G   0.01968  0.002651         0   0.02233         2       640    0.1726    0.1371    0.0733     0.038   0.03086  0.006026         0
    40/299     7.42G   0.01958  0.002746         0   0.02233         1       640    0.1675    0.1509   0.08015   0.04281   0.03068  0.006064         0
    41/299     7.42G   0.01883  0.002727         0   0.02156        13       640    0.1881    0.1532   0.08731   0.04656   0.03062  0.006022         0
    42/299     7.42G   0.01842  0.002684         0   0.02111         1       640    0.2126    0.1527    0.0959   0.05066    0.0305  0.006025         0
    43/299     7.42G   0.01852  0.002606         0   0.02113         7       640    0.2335    0.1621    0.1065   0.05589   0.03038  0.006019         0
    44/299     7.42G    0.0187  0.002661         0   0.02136         2       640     0.253    0.1643    0.1139   0.06004   0.03023  0.006032         0
    45/299     7.42G   0.01842  0.002714         0   0.02114         1       640    0.2706    0.1625    0.1196   0.06338   0.03006  0.006037         0
    46/299     7.42G   0.01824  0.002715         0   0.02096         4       640    0.3056    0.1567    0.1272   0.06731    0.0299  0.006033         0
    47/299     7.42G   0.01825  0.002635         0   0.02088         5       640     0.349    0.1545    0.1353   0.07161   0.02978  0.006043         0
    48/299     7.42G   0.01778  0.002673         0   0.02045         3       640    0.2568    0.1888    0.1408   0.07509   0.02967  0.006042         0
    49/299     7.42G   0.01777  0.002679         0   0.02045         4       640    0.2869     0.183    0.1473   0.07842   0.02964  0.006023         0
    50/299     7.42G   0.01754  0.002622         0   0.02016        11       640    0.2782    0.1946     0.155   0.08252   0.02959  0.006013         0
    51/299     7.42G   0.01717  0.002619         0   0.01979        20       640    0.2921     0.199    0.1613   0.08606   0.02953  0.005996         0
    52/299     7.42G   0.01723   0.00258         0   0.01981         3       640    0.3077    0.1999    0.1674    0.0889   0.02945  0.005999         0
    53/299     7.42G   0.01708  0.002653         0   0.01974        16       640    0.3297    0.1975    0.1734   0.09249    0.0294  0.005984         0
    54/299     7.42G   0.01704  0.002613         0   0.01966         4       640    0.2873    0.2262    0.1792   0.09553   0.02934  0.005976         0
    55/299     7.42G   0.01704  0.002634         0   0.01967         1       640    0.3312    0.2133    0.1853   0.09854   0.02925  0.005984         0
    56/299     7.42G   0.01703  0.002645         0   0.01968         8       640    0.3243    0.2262    0.1915    0.1022   0.02922  0.005976         0
    57/299     7.42G   0.01661  0.002513         0   0.01912         7       640    0.3412     0.228     0.197     0.105   0.02919  0.005972         0
    58/299     7.42G   0.01667  0.002527         0   0.01919         3       640    0.3545    0.2266     0.202     0.108   0.02915  0.005967         0
    59/299     7.42G   0.01693  0.002582         0   0.01952         1       640    0.3585    0.2266    0.2066    0.1106   0.02908  0.005977         0
    60/299     7.42G   0.01628   0.00252         0    0.0188         8       640    0.3519    0.2324    0.2112    0.1137   0.02905  0.005976         0
    61/299     7.42G   0.01669  0.002559         0   0.01924         3       640    0.3459      0.24    0.2157    0.1157   0.02899   0.00598         0
    62/299     7.42G   0.01665  0.002528         0   0.01918         6       640    0.4169    0.2177    0.2199    0.1186   0.02895  0.005987         0
    63/299     7.42G   0.01625  0.002463         0   0.01871        10       640    0.3766    0.2342     0.224    0.1214   0.02891  0.005989         0
    64/299     7.42G   0.01588  0.002418         0    0.0183         1       640    0.3858    0.2351    0.2283    0.1237   0.02888  0.005994         0
    65/299     7.42G   0.01618    0.0025         0   0.01868         7       640     0.417    0.2289    0.2325    0.1259   0.02883  0.006003         0
    66/299     7.42G   0.01611   0.00239         0    0.0185         2       640     0.431    0.2284     0.236    0.1281   0.02878  0.006019         0
    67/299     7.42G   0.01591  0.002472         0   0.01839         1       640    0.4102    0.2382    0.2403    0.1303   0.02871   0.00603         0
    68/299     7.42G    0.0157   0.00242         0   0.01812         2       640    0.3521    0.2688    0.2443    0.1328   0.02866  0.006043         0
    69/299     7.42G   0.01571  0.002382         0   0.01809         4       640    0.3962    0.2533    0.2483    0.1349   0.02862  0.006058         0
    70/299     7.42G   0.01573  0.002373         0   0.01811         1       640    0.3809    0.2636    0.2522    0.1371   0.02857  0.006072         0
    71/299     7.42G   0.01529  0.002388         0   0.01768        11       640    0.4386    0.2458    0.2557    0.1395   0.02852  0.006086         0
    72/299     7.42G   0.01562  0.002358         0   0.01798         3       640    0.4391    0.2517    0.2589     0.141   0.02849  0.006102         0
    73/299     7.42G   0.01551  0.002355         0   0.01786         6       640    0.4385    0.2542    0.2621    0.1428   0.02845   0.00612         0
    74/299     7.42G   0.01522  0.002293         0   0.01751         2       640    0.4073    0.2694     0.265    0.1447   0.02843   0.00613         0
    75/299     7.42G   0.01588  0.002297         0   0.01818         1       640    0.4195    0.2698    0.2674     0.146   0.02839  0.006148         0
    76/299     7.42G   0.01556  0.002337         0    0.0179        18       640    0.4049    0.2796    0.2684    0.1471   0.02835  0.006182         0
    77/299     7.42G   0.01564  0.002381         0   0.01802         5       640    0.4004    0.2836    0.2689     0.148   0.02833  0.006204         0
    78/299     7.42G   0.01489  0.002176         0   0.01707         4       640    0.4011    0.2903    0.2711    0.1494   0.02831   0.00623         0
    79/299     7.42G   0.01493  0.002237         0   0.01717         8       640    0.4117    0.2881    0.2729    0.1509   0.02829  0.006252         0
    80/299     7.42G    0.0145  0.002189         0   0.01668         2       640    0.4361    0.2783    0.2743    0.1519   0.02828  0.006271         0
    81/299     7.42G   0.01479    0.0022         0   0.01699         0       640    0.4328    0.2832    0.2769    0.1536   0.02827  0.006286         0
    82/299     7.42G   0.01458  0.002164         0   0.01674         4       640    0.4305    0.2898    0.2799     0.155   0.02825  0.006305         0
    83/299     7.42G   0.01428  0.002158         0   0.01644         3       640     0.427     0.297    0.2815    0.1562   0.02825  0.006317         0
    84/299     7.42G   0.01504  0.002123         0   0.01716         0       640    0.3953    0.3161    0.2847    0.1583   0.02824  0.006325         0
    85/299     7.42G   0.01421  0.002061         0   0.01627         3       640    0.3691    0.3437    0.2877    0.1603   0.02823  0.006339         0
    86/299     7.42G   0.01411   0.00212         0   0.01623         2       640    0.3793     0.343    0.2909    0.1625   0.02821  0.006354         0
    87/299     7.42G   0.01444  0.002101         0   0.01654         6       640    0.3892    0.3419     0.293    0.1638    0.0282  0.006364         0
    88/299     7.42G   0.01455  0.002086         0   0.01664         9       640    0.4526    0.3059     0.295    0.1655   0.02819  0.006377         0
    89/299     7.42G   0.01431  0.002041         0   0.01635         0       640    0.4262    0.3264     0.298    0.1674   0.02818  0.006392         0
    90/299     7.42G   0.01435  0.002026         0   0.01638        15       640    0.4149    0.3388    0.3004    0.1688   0.02816  0.006406         0
    91/299     7.42G   0.01427  0.002048         0   0.01632         5       640     0.443    0.3268    0.3026    0.1702   0.02813  0.006423         0
    92/299     7.42G   0.01408  0.002013         0   0.01609         2       640    0.4341    0.3397    0.3055    0.1719    0.0281   0.00644         0
    93/299     7.42G   0.01442  0.001982         0    0.0164         7       640    0.4196    0.3522     0.308    0.1731   0.02808  0.006457         0
    94/299     7.42G   0.01382  0.002001         0   0.01582         0       640    0.4487    0.3375    0.3109    0.1748   0.02805  0.006471         0
    95/299     7.42G   0.01394  0.001954         0   0.01589         4       640    0.4359      0.35    0.3141    0.1769   0.02802  0.006483         0
    96/299     7.42G   0.01363   0.00191         0   0.01554         9       640    0.4446      0.35    0.3173    0.1786     0.028  0.006496         0
    97/299     7.42G   0.01426  0.002013         0   0.01627         5       640    0.4316    0.3669    0.3208    0.1806   0.02797  0.006509         0
    98/299     7.42G   0.01395  0.001943         0   0.01589         1       640    0.4418    0.3669    0.3243    0.1822   0.02795  0.006523         0
    99/299     7.42G   0.01349  0.001887         0   0.01538         2       640    0.4488    0.3678    0.3277    0.1843   0.02794  0.006533         0
   100/299     7.42G   0.01357  0.001871         0   0.01544         3       640    0.4583    0.3678    0.3321    0.1875   0.02792  0.006541         0
   101/299     7.42G   0.01394  0.001975         0   0.01591         2       640     0.468     0.366    0.3361      0.19    0.0279  0.006555         0
   102/299     7.42G   0.01371  0.001932         0   0.01564         0       640    0.4988    0.3566    0.3404    0.1926   0.02785  0.006565         0
   103/299     7.42G   0.01354   0.00186         0    0.0154        15       640    0.5076    0.3575    0.3453    0.1951   0.02781   0.00657         0
   104/299     7.42G    0.0134  0.001836         0   0.01523         4       640    0.4902    0.3718    0.3498    0.1979   0.02778  0.006574         0
   105/299     7.42G   0.01358  0.001815         0    0.0154         1       640    0.5198    0.3629     0.355    0.2013   0.02774  0.006577         0
   106/299     7.42G   0.01375   0.00185         0    0.0156         0       640    0.5308    0.3642    0.3599    0.2041   0.02771  0.006583         0
   107/299     7.42G   0.01377  0.001844         0   0.01561         0       640    0.5417    0.3669    0.3648    0.2069   0.02768  0.006593         0
   108/299     7.42G   0.01374    0.0018         0   0.01554        19       640    0.5504    0.3673    0.3693    0.2096   0.02764  0.006597         0
   109/299     7.42G   0.01349  0.001847         0   0.01534         2       640    0.5588      0.37    0.3749    0.2129   0.02761  0.006596         0
   110/299     7.42G   0.01318  0.001713         0   0.01489         0       640    0.5668    0.3704    0.3798    0.2156   0.02758  0.006599         0
   111/299     7.42G    0.0134  0.001774         0   0.01518         0       640    0.5768    0.3727    0.3855    0.2191   0.02755  0.006598         0
   112/299     7.42G   0.01346  0.001745         0    0.0152         6       640     0.535     0.402     0.391    0.2226   0.02751  0.006604         0
   113/299     7.42G   0.01305   0.00173         0   0.01478         2       640    0.5399    0.4038    0.3957    0.2258   0.02747    0.0066         0
   114/299     7.42G   0.01305  0.001717         0   0.01477         6       640    0.5445    0.4087    0.4023    0.2303   0.02743  0.006597         0
   115/299     7.42G    0.0133  0.001671         0   0.01497         2       640    0.5794    0.3967    0.4083    0.2339   0.02739  0.006596         0
   116/299     7.42G   0.01344  0.001699         0   0.01514         0       640       0.5     0.451    0.4136    0.2371   0.02734  0.006592         0
   117/299     7.42G   0.01318   0.00172         0    0.0149        15       640    0.5045    0.4559    0.4196    0.2414   0.02729  0.006586         0
   118/299     7.42G   0.01309  0.001677         0   0.01477         3       640    0.5388    0.4412    0.4267    0.2459   0.02725  0.006573         0
   119/299     7.42G   0.01321  0.001751         0   0.01496         4       640    0.5733    0.4328    0.4341      0.25    0.0272  0.006559         0
   120/299     7.42G    0.0131  0.001636         0   0.01474         0       640    0.5755    0.4381    0.4411    0.2541   0.02715  0.006544         0
   121/299     7.42G   0.01309  0.001658         0   0.01475         6       640    0.6039    0.4332     0.449    0.2593    0.0271   0.00653         0
   122/299     7.42G     0.013  0.001638         0   0.01463        11       640    0.5335    0.4924    0.4565    0.2642   0.02705  0.006515         0
   123/299     7.42G   0.01308  0.001659         0   0.01473         2       640    0.5393    0.4977    0.4635    0.2688   0.02702    0.0065         0
   124/299     7.42G   0.01288  0.001589         0   0.01447         4       640     0.572    0.4826    0.4708    0.2734   0.02697  0.006484         0
   125/299     7.42G   0.01275  0.001556         0   0.01431         0       640    0.5807    0.4889    0.4789    0.2782   0.02693   0.00647         0
   126/299     7.42G   0.01307  0.001596         0   0.01466         2       640    0.6138    0.4782     0.486    0.2829   0.02688  0.006455         0
   127/299     7.42G   0.01255  0.001569         0   0.01411         6       640     0.621    0.4858    0.4941    0.2878   0.02683  0.006439         0
   128/299     7.42G   0.01282  0.001595         0   0.01441         3       640    0.6278    0.4911    0.5024     0.293   0.02678  0.006417         0
   129/299     7.42G   0.01259  0.001547         0   0.01414         9       640    0.6518    0.4853    0.5102    0.2985   0.02674  0.006394         0
   130/299     7.42G   0.01259  0.001509         0    0.0141         1       640    0.6406    0.5053    0.5183    0.3037   0.02671  0.006379         0
   131/299     7.42G   0.01239  0.001489         0   0.01388         0       640     0.644     0.512    0.5252     0.308   0.02668  0.006357         0
   132/299     7.42G   0.01237  0.001515         0   0.01388         5       640    0.6481      0.52    0.5335    0.3133   0.02664  0.006327         0
   133/299     7.42G   0.01236  0.001504         0   0.01386        15       640    0.6729    0.5157    0.5416    0.3181    0.0266    0.0063         0
   134/299     7.42G   0.01223  0.001497         0   0.01372         2       640    0.6795    0.5232    0.5494     0.323   0.02657  0.006273         0
   135/299     7.42G   0.01219  0.001513         0    0.0137         0       640    0.7056    0.5187    0.5587    0.3286   0.02653  0.006246         0
   136/299     7.42G   0.01235   0.00147         0   0.01383         0       640    0.7122    0.5267    0.5677    0.3336   0.02649  0.006214         0
   137/299     7.42G   0.01218  0.001468         0   0.01365         2       640    0.7133    0.5338    0.5759    0.3384   0.02645  0.006181         0
   138/299     7.42G   0.01201  0.001455         0   0.01346         2       640    0.7332    0.5329     0.585    0.3447   0.02641  0.006151         0
   139/299     7.42G   0.01242  0.001469         0   0.01389         1       640    0.7502    0.5334    0.5933    0.3503   0.02638  0.006115         0
   140/299     7.42G   0.01207  0.001476         0   0.01354         8       640    0.7058    0.5683    0.6034    0.3559   0.02634  0.006084         0
   141/299     7.42G   0.01217  0.001445         0   0.01361         9       640    0.7285     0.565    0.6122    0.3616    0.0263  0.006054         0
   142/299     7.42G   0.01234  0.001413         0   0.01376         5       640    0.7149    0.5841    0.6205    0.3666   0.02626  0.006027         0
   143/299     7.42G   0.01202  0.001394         0   0.01341         4       640    0.7202    0.5895    0.6285     0.372   0.02623  0.005996         0
   144/299     7.42G   0.01172  0.001401         0   0.01312         1       640    0.7483    0.5772    0.6368    0.3773   0.02619  0.005961         0
   145/299     7.42G   0.01192  0.001408         0   0.01333         0       640    0.7535    0.5841    0.6452    0.3824   0.02615  0.005932         0
   146/299     7.42G   0.01182  0.001435         0   0.01325         0       640    0.7588    0.5931    0.6546    0.3888   0.02609  0.005899         0
   147/299     7.42G   0.01185  0.001427         0   0.01328         3       640    0.7608    0.5993    0.6629    0.3944   0.02604  0.005864         0
   148/299     7.42G   0.01195  0.001391         0   0.01334        11       640    0.7521    0.6167    0.6726    0.3995     0.026  0.005829         0
   149/299     7.42G   0.01177  0.001358         0   0.01313         9       640    0.7695    0.6155     0.681    0.4053   0.02596  0.005794         0
   150/299     7.42G   0.01173  0.001394         0   0.01312         3       640     0.772    0.6241    0.6901    0.4111   0.02591  0.005755         0
   151/299     7.42G   0.01183   0.00139         0   0.01322         6       640    0.7725      0.63    0.6986    0.4169   0.02586  0.005719         0
   152/299     7.42G   0.01183  0.001414         0   0.01324         4       640    0.8028     0.618    0.7064    0.4217   0.02582  0.005686         0
   153/299     7.42G   0.01183  0.001359         0   0.01319         5       640     0.816     0.618    0.7147    0.4271   0.02577  0.005655         0
   154/299     7.42G   0.01174  0.001311         0   0.01305         7       640    0.8015    0.6331    0.7216    0.4315   0.02574  0.005624         0
   155/299     7.42G   0.01152  0.001306         0   0.01282        13       640    0.8121    0.6349    0.7308    0.4369    0.0257  0.005586         0
   156/299     7.42G    0.0115  0.001385         0   0.01288         3       640    0.8228    0.6389    0.7382    0.4414   0.02566  0.005547         0
   157/299     7.42G    0.0116  0.001349         0   0.01295         3       640    0.7978    0.6638    0.7467    0.4469   0.02562  0.005503         0
   158/299     7.42G   0.01171  0.001355         0   0.01307        10       640    0.7581    0.7076    0.7544    0.4517   0.02559   0.00546         0
   159/299     7.42G   0.01129  0.001286         0   0.01258         3       640    0.7767    0.7048    0.7624    0.4575   0.02556  0.005416         0
   160/299     7.42G   0.01134  0.001323         0   0.01267         0       640    0.7913    0.7055    0.7697    0.4628   0.02552  0.005376         0
   161/299     7.42G    0.0114  0.001285         0   0.01269         8       640    0.7924    0.7146    0.7768     0.468   0.02549  0.005334         0
   162/299     7.42G   0.01123  0.001278         0   0.01251         7       640    0.8141    0.7057    0.7834    0.4733   0.02545  0.005296         0
   163/299     7.42G   0.01103  0.001262         0   0.01229         6       640     0.804    0.7213    0.7892    0.4784   0.02542  0.005259         0
   164/299     7.42G   0.01112  0.001266         0   0.01238        12       640    0.8131    0.7223    0.7955    0.4825    0.0254  0.005218         0
   165/299     7.42G   0.01112  0.001256         0   0.01238         0       640    0.8157    0.7315    0.8034    0.4888   0.02536  0.005181         0
   166/299     7.42G   0.01131  0.001284         0   0.01259         1       640    0.8249    0.7297    0.8082    0.4927   0.02533  0.005145         0
   167/299     7.42G   0.01108   0.00129         0   0.01237         5       640    0.8333     0.732    0.8137    0.4963   0.02529  0.005107         0
   168/299     7.42G   0.01098  0.001209         0   0.01219        17       640    0.8394    0.7356    0.8197    0.5003   0.02526  0.005068         0
   169/299     7.42G    0.0112  0.001238         0   0.01244        10       640    0.8341    0.7498    0.8258    0.5042   0.02523  0.005025         0
   170/299     7.42G   0.01127  0.001249         0   0.01252         2       640     0.835    0.7618     0.831    0.5077    0.0252  0.004985         0
   171/299     7.42G   0.01144  0.001296         0   0.01274         0       640    0.8371    0.7689    0.8364    0.5116   0.02517  0.004951         0
   172/299     7.42G   0.01094   0.00123         0   0.01217         5       640    0.8496    0.7663    0.8414     0.516   0.02514  0.004916         0
   173/299     7.42G   0.01113  0.001245         0   0.01237         2       640    0.8555    0.7697    0.8463    0.5189   0.02512  0.004877         0
   174/299     7.42G   0.01093  0.001247         0   0.01217        10       640    0.8602    0.7755    0.8509    0.5229    0.0251  0.004837         0
   175/299     7.42G   0.01083  0.001205         0   0.01204         3       640    0.8659     0.776    0.8552     0.526   0.02507  0.004799         0
   176/299     7.42G   0.01124   0.00123         0   0.01247         4       640    0.8741    0.7769    0.8596     0.529   0.02505   0.00476         0
   177/299     7.42G   0.01101  0.001223         0   0.01223         3       640    0.8713    0.7858    0.8639    0.5327   0.02503   0.00472         0
   178/299     7.42G   0.01097  0.001185         0   0.01215         3       640    0.8864    0.7832    0.8679    0.5352   0.02502  0.004682         0
   179/299     7.42G   0.01091  0.001206         0   0.01212         0       640    0.8894    0.7885    0.8722    0.5382     0.025  0.004641         0
   180/299     7.42G   0.01094  0.001203         0   0.01214        12       640    0.8922    0.7939    0.8766     0.542   0.02498  0.004601         0
   181/299     7.42G   0.01055  0.001169         0   0.01172         0       640    0.8916     0.801    0.8799    0.5452   0.02496  0.004566         0
   182/299     7.42G   0.01069  0.001165         0   0.01185         0       640    0.8987    0.8005    0.8828    0.5476   0.02495   0.00453         0
   183/299     7.42G   0.01066  0.001185         0   0.01184         9       640    0.8996    0.8056    0.8859    0.5501   0.02493  0.004496         0
   184/299     7.42G   0.01082  0.001208         0   0.01202         1       640    0.8802    0.8286    0.8888    0.5528   0.02491  0.004461         0
   185/299     7.42G   0.01078  0.001192         0   0.01198         1       640    0.8855    0.8301    0.8917     0.555    0.0249  0.004426         0
   186/299     7.42G   0.01041  0.001162         0   0.01157         4       640    0.8881     0.833    0.8942    0.5568   0.02489  0.004392         0
   187/299     7.42G   0.01063  0.001133         0   0.01176         4       640    0.9003    0.8268     0.897    0.5586   0.02488  0.004361         0
   188/299     7.42G   0.01049  0.001192         0   0.01168         1       640    0.9054     0.827    0.8993    0.5606   0.02487  0.004333         0
   189/299     7.42G   0.01044  0.001198         0   0.01164         0       640    0.9068    0.8308     0.903    0.5627   0.02486  0.004304         0
   190/299     7.42G   0.01053  0.001173         0   0.01171         9       640    0.9086    0.8335    0.9057    0.5644   0.02485  0.004275         0
   191/299     7.42G   0.01056  0.001151         0   0.01171         7       640    0.9065    0.8384    0.9072    0.5664   0.02484  0.004247         0
   192/299     7.42G   0.01053   0.00115         0   0.01168         9       640    0.9114    0.8382    0.9097     0.568   0.02483  0.004221         0
   193/299     7.42G    0.0104  0.001132         0   0.01153         5       640    0.9175    0.8348    0.9117    0.5697   0.02481  0.004193         0
   194/299     7.42G   0.01057  0.001133         0    0.0117         3       640    0.9033    0.8526    0.9138    0.5711   0.02479  0.004166         0
   195/299     7.42G   0.01062  0.001195         0   0.01182        11       640    0.9069    0.8546    0.9154    0.5723   0.02478  0.004143         0
   196/299     7.42G   0.01027  0.001138         0   0.01141         8       640    0.8995    0.8648    0.9172    0.5743   0.02476  0.004121         0
   197/299     7.42G   0.01024   0.00112         0   0.01136         4       640    0.9049    0.8643    0.9188    0.5767   0.02475  0.004099         0
   198/299     7.42G   0.01029  0.001124         0   0.01141         0       640    0.9076    0.8646    0.9198    0.5784   0.02474  0.004079         0
   199/299     7.42G   0.01015  0.001123         0   0.01128         4       640    0.9082    0.8681    0.9216    0.5806   0.02473   0.00406         0
   200/299     7.42G   0.01006  0.001118         0   0.01118        12       640    0.9052    0.8757    0.9234    0.5817   0.02471  0.004036         0
   201/299     7.42G   0.01013  0.001108         0   0.01124         6       640    0.9137    0.8719    0.9251    0.5826    0.0247  0.004014         0
   202/299     7.42G   0.01012  0.001104         0   0.01122         3       640    0.9125    0.8744    0.9247    0.5833    0.0247  0.003996         0
   203/299     7.42G   0.01025  0.001103         0   0.01136         4       640    0.9143    0.8758    0.9257    0.5845    0.0247  0.003975         0
   204/299     7.42G   0.01018  0.001111         0   0.01129         8       640    0.9163    0.8774    0.9271     0.586   0.02469  0.003955         0
   205/299     7.42G   0.01017  0.001119         0   0.01128         7       640    0.9171    0.8802    0.9279    0.5862   0.02468  0.003938         0
   206/299     7.42G   0.01017  0.001106         0   0.01127         3       640    0.9171    0.8822    0.9288     0.587   0.02467  0.003919         0
   207/299     7.42G  0.009872  0.001112         0   0.01098         1       640    0.9201    0.8825    0.9298    0.5886   0.02466  0.003905         0
   208/299     7.42G   0.01011  0.001111         0   0.01122         4       640    0.9238    0.8802    0.9307    0.5884   0.02466  0.003889         0
   209/299     7.42G  0.009896   0.00107         0   0.01097         2       640    0.9272    0.8784    0.9319    0.5904   0.02465  0.003872         0
   210/299     7.42G  0.009908  0.001083         0   0.01099         2       640     0.924    0.8842     0.933    0.5921   0.02464  0.003857         0
   211/299     7.42G  0.009945  0.001092         0   0.01104         0       640    0.9277     0.882    0.9341    0.5929   0.02463  0.003843         0
   212/299     7.42G  0.009795  0.001088         0   0.01088         6       640     0.932    0.8798    0.9348    0.5939   0.02463  0.003826         0
   213/299     7.42G   0.00979  0.001067         0   0.01086         5       640    0.9287    0.8838    0.9359    0.5949   0.02463   0.00381         0
   214/299     7.42G  0.009902  0.001072         0   0.01097         5       640    0.9297    0.8842    0.9361     0.595   0.02462  0.003799         0
   215/299     7.42G  0.009718  0.001051         0   0.01077         6       640     0.931    0.8838    0.9368    0.5965   0.02462  0.003787         0
   216/299     7.42G  0.009779  0.001048         0   0.01083        10       640    0.9303    0.8842     0.937    0.5969   0.02462  0.003775         0
   217/299     7.42G  0.009679  0.001086         0   0.01076         3       640    0.9391    0.8792    0.9379    0.5977   0.02461  0.003763         0
   218/299     7.42G  0.009562  0.001094         0   0.01066         9       640    0.9403    0.8789    0.9384    0.5986    0.0246  0.003753         0
   219/299     7.42G  0.009592  0.001034         0   0.01063         1       640    0.9399     0.878    0.9388     0.599   0.02459  0.003742         0
   220/299     7.42G  0.009611  0.001036         0   0.01065         6       640    0.9404    0.8785    0.9408    0.6008   0.02458  0.003731         0
   221/299     7.42G  0.009771   0.00105         0   0.01082         6       640     0.911    0.9074    0.9412    0.6013   0.02458  0.003721         0
   222/299     7.42G  0.009579  0.001069         0   0.01065         3       640    0.9108     0.909    0.9419    0.6025   0.02457  0.003708         0
   223/299     7.42G  0.009645  0.001094         0   0.01074         1       640    0.9427    0.8798    0.9427    0.6026   0.02456  0.003699         0
   224/299     7.42G  0.009354  0.001052         0   0.01041         3       640    0.9419     0.882    0.9434    0.6038   0.02456  0.003689         0
   225/299     7.42G    0.0094  0.001022         0   0.01042         7       640     0.941    0.8838    0.9439     0.605   0.02456  0.003678         0
   226/299     7.42G  0.009589  0.001084         0   0.01067         3       640    0.9175    0.9069    0.9449    0.6058   0.02455  0.003669         0
   227/299     7.42G  0.009516  0.001034         0   0.01055         4       640    0.9196    0.9063    0.9452     0.607   0.02455  0.003659         0
   228/299     7.42G  0.009459  0.001014         0   0.01047         2       640    0.9192    0.9074    0.9454    0.6088   0.02454   0.00365         0
   229/299     7.42G   0.00949  0.001058         0   0.01055        10       640    0.9363    0.8923     0.946    0.6095   0.02454   0.00364         0
   230/299     7.42G  0.009441  0.001036         0   0.01048         1       640    0.9304    0.8989    0.9464     0.611   0.02453   0.00363         0
   231/299     7.42G  0.009419  0.001038         0   0.01046         8       640    0.9317    0.8989    0.9472    0.6122   0.02453  0.003623         0
   232/299     7.42G  0.009368  0.001028         0    0.0104         0       640    0.9318    0.9003    0.9476    0.6135   0.02452  0.003614         0
   233/299     7.42G    0.0093  0.001032         0   0.01033        18       640    0.9301    0.9034    0.9478    0.6132   0.02452  0.003608         0
   234/299     7.42G  0.009184 0.0009951         0   0.01018         3       640    0.9343    0.8998    0.9481     0.613   0.02451  0.003602         0
   235/299     7.42G  0.009151  0.001011         0   0.01016         4       640     0.932    0.9025    0.9486    0.6138   0.02451  0.003596         0
   236/299     7.42G  0.009098  0.001024         0   0.01012        10       640    0.9328    0.9025     0.949    0.6152    0.0245  0.003588         0
   237/299     7.42G  0.009123 0.0009737         0    0.0101         1       640    0.9431    0.8936    0.9494    0.6151    0.0245  0.003583         0
   238/299     7.42G  0.009072  0.001007         0   0.01008         3       640    0.9325    0.9043    0.9503    0.6155   0.02449  0.003574         0
   239/299     7.42G  0.008987  0.001022         0   0.01001         0       640    0.9432    0.8949    0.9507    0.6156   0.02449   0.00357         0
   240/299     7.42G  0.009054  0.001018         0   0.01007         2       640    0.9328    0.9043    0.9512     0.616   0.02449  0.003564         0
   241/299     7.42G  0.009049  0.001019         0   0.01007         6       640    0.9224    0.9157    0.9519    0.6161   0.02448  0.003557         0
   242/299     7.42G  0.009004 0.0009954         0  0.009999         4       640     0.951    0.8904    0.9526    0.6168   0.02448  0.003552         0
   243/299     7.42G  0.008959  0.001006         0  0.009965        17       640    0.9519    0.8905    0.9528    0.6172   0.02448  0.003546         0
   244/299     7.42G  0.009098  0.001019         0   0.01012         0       640    0.9528    0.8896    0.9537    0.6174   0.02448   0.00354         0
   245/299     7.42G  0.008779 0.0009896         0  0.009769         5       640    0.9443     0.898    0.9538    0.6183   0.02448  0.003537         0
   246/299     7.42G  0.008898 0.0009662         0  0.009864         2       640    0.9443    0.8989    0.9544    0.6183   0.02447  0.003533         0
   247/299     7.42G  0.008776  0.000988         0  0.009764         9       640    0.9464    0.8985    0.9543    0.6188   0.02447   0.00353         0
   248/299     7.42G  0.008919 0.0009853         0  0.009904         4       640    0.9465    0.8988    0.9546    0.6188   0.02446  0.003525         0
   249/299     7.42G   0.00887 0.0009835         0  0.009853         7       640    0.9466    0.8998    0.9549    0.6196   0.02446   0.00352         0
   250/299     7.42G  0.008844 0.0009724         0  0.009817         1       640    0.9462    0.9002    0.9555    0.6203   0.02446  0.003516         0
   251/299     7.42G  0.008951  0.000994         0  0.009945         3       640    0.9458    0.9011    0.9562    0.6211   0.02445  0.003512         0
   252/299     7.42G  0.008697 0.0009803         0  0.009677         8       640    0.9432    0.9025    0.9564    0.6221   0.02445  0.003508         0
   253/299     7.42G  0.008917 0.0009644         0  0.009881         3       640    0.9446    0.9029    0.9567     0.622   0.02444  0.003507         0
   254/299     7.42G  0.008832 0.0009726         0  0.009805         1       640    0.9226    0.9243    0.9569    0.6224   0.02444  0.003502         0
   255/299     7.42G  0.008581 0.0009519         0  0.009532        19       640    0.9227    0.9247    0.9573    0.6223   0.02445  0.003498         0
   256/299     7.42G  0.008758 0.0009832         0  0.009741         1       640    0.9216    0.9261     0.958    0.6227   0.02445  0.003493         0
   257/299     7.42G  0.008745 0.0009929         0  0.009737         0       640    0.9486    0.9007    0.9583    0.6228   0.02445   0.00349         0
   258/299     7.42G  0.008905 0.0009901         0  0.009895         5       640    0.9481    0.9029    0.9585    0.6243   0.02445  0.003484         0
   259/299     7.42G  0.008561 0.0009527         0  0.009513         2       640    0.9473    0.9042     0.959    0.6251   0.02444   0.00348         0
   260/299     7.42G  0.008596 0.0009551         0  0.009551         2       640    0.9485    0.9043    0.9593    0.6254   0.02444  0.003477         0
   261/299     7.42G  0.008744 0.0009556         0    0.0097         4       640    0.9499    0.9038    0.9599    0.6255   0.02443  0.003475         0
   262/299     7.42G  0.008662 0.0009619         0  0.009624         0       640    0.9491    0.9052    0.9601     0.626   0.02442  0.003471         0
   263/299     7.42G  0.008764 0.0009805         0  0.009744         6       640    0.9496    0.9051    0.9604    0.6268   0.02442  0.003468         0
   264/299     7.42G  0.008518 0.0009833         0  0.009501         4       640    0.9496    0.9056    0.9606    0.6273   0.02442  0.003463         0
   265/299     7.42G  0.008499 0.0009536         0  0.009452         7       640    0.9482    0.9069    0.9608    0.6281   0.02442   0.00346         0
   266/299     7.42G  0.008388 0.0009431         0  0.009331         7       640    0.9492    0.9069    0.9614    0.6291   0.02441  0.003457         0
   267/299     7.42G  0.008362 0.0009295         0  0.009291         3       640    0.9525    0.9047    0.9618    0.6302   0.02441  0.003453         0
   268/299     7.42G  0.008378 0.0009347         0  0.009313         1       640    0.9531    0.9047    0.9622    0.6301    0.0244   0.00345         0
   269/299     7.42G   0.00838 0.0009385         0  0.009319         0       640    0.9531    0.9052    0.9618      0.63    0.0244  0.003448         0
   270/299     7.42G  0.008517 0.0009541         0  0.009472         5       640     0.948    0.9105    0.9619    0.6303    0.0244  0.003444         0
   271/299     7.42G  0.008364  0.000952         0  0.009316         0       640    0.9506    0.9083    0.9615    0.6308   0.02439  0.003443         0
   272/299     7.42G  0.008352 0.0009449         0  0.009297        19       640    0.9494     0.911    0.9624    0.6306   0.02439   0.00344         0
   273/299     7.42G  0.008466 0.0009686         0  0.009434         3       640    0.9502     0.911    0.9627    0.6324   0.02438  0.003438         0
   274/299     7.42G  0.008486  0.000936         0  0.009422        14       640    0.9507    0.9109    0.9634    0.6335   0.02437  0.003434         0
   275/299     7.42G  0.008232 0.0009394         0  0.009171         7       640    0.9523    0.9092    0.9637    0.6342   0.02437  0.003434         0
   276/299     7.42G  0.008524 0.0009463         0   0.00947         8       640    0.9364    0.9246    0.9641    0.6349   0.02437   0.00343         0
   277/299     7.42G  0.008507 0.0009328         0   0.00944         1       640    0.9372    0.9243    0.9646    0.6353   0.02436  0.003426         0
   278/299     7.42G  0.008348 0.0009538         0  0.009302         1       640    0.9357    0.9268    0.9649    0.6349   0.02436  0.003421         0
   279/299     7.42G  0.008251 0.0009485         0    0.0092        16       640    0.9369    0.9265     0.965    0.6353   0.02436  0.003419         0
   280/299     7.42G  0.008129 0.0009284         0  0.009057         3       640    0.9475    0.9165    0.9656    0.6362   0.02436  0.003415         0
   281/299     7.42G  0.008207 0.0009353         0  0.009142         0       640     0.939    0.9256    0.9659    0.6373   0.02435  0.003413         0
   282/299     7.42G  0.008177 0.0009368         0  0.009113         1       640     0.941    0.9248    0.9657    0.6373   0.02434  0.003412         0
   283/299     7.42G  0.008206 0.0009344         0  0.009141         6       640     0.941    0.9252    0.9661     0.638   0.02433   0.00341         0
   284/299     7.42G  0.008247  0.000953         0    0.0092         7       640    0.9407    0.9252    0.9663    0.6388   0.02432   0.00341         0
   285/299     7.42G   0.00823 0.0009384         0  0.009168         0       640    0.9411     0.925    0.9668    0.6386   0.02432  0.003407         0
   286/299     7.42G  0.008169 0.0009544         0  0.009123         1       640    0.9436    0.9243    0.9671    0.6398   0.02431  0.003406         0
   287/299     7.42G  0.008068 0.0009114         0   0.00898         0       640    0.9436    0.9248    0.9675    0.6406   0.02429  0.003404         0
   288/299     7.42G  0.008086  0.000923         0  0.009009         1       640    0.9474    0.9221    0.9675    0.6412   0.02428  0.003403         0
   289/299     7.42G  0.008232 0.0009291         0  0.009162         3       640    0.9462    0.9239    0.9678    0.6424   0.02428  0.003402         0
   290/299     7.42G  0.008305 0.0009238         0  0.009229         4       640    0.9499    0.9212    0.9679     0.642   0.02427  0.003399         0
   291/299     7.42G  0.008188 0.0009304         0  0.009119         4       640    0.9495    0.9221    0.9681    0.6428   0.02426  0.003397         0
   292/299     7.42G  0.008031 0.0009332         0  0.008965         5       640    0.9488    0.9236    0.9683    0.6432   0.02426  0.003394         0
   293/299     7.42G  0.008072 0.0009128         0  0.008985        11       640    0.9492    0.9234    0.9685    0.6438   0.02425  0.003392         0
   294/299     7.42G  0.008123  0.000927         0   0.00905         1       640    0.9484    0.9247    0.9687    0.6438   0.02425  0.003388         0
   295/299     7.42G  0.008149 0.0009035         0  0.009053         5       640    0.9489    0.9256     0.969    0.6445   0.02425  0.003386         0
   296/299     7.42G  0.008253 0.0009552         0  0.009208        20       640    0.9497    0.9255    0.9692    0.6445   0.02424  0.003383         0
   297/299     7.42G  0.007999 0.0009491         0  0.008948         3       640    0.9489    0.9265    0.9692    0.6457   0.02424  0.003379         0
   298/299     7.42G  0.008093 0.0009333         0  0.009027         3       640     0.946    0.9297    0.9693    0.6457   0.02424  0.003375         0
   299/299     7.42G  0.008082 0.0009362         0  0.009018         2       640    0.9432    0.9328    0.9692    0.6462   0.02424  0.003371         0
